NPL6D1 95 33 7 31 
TETIH3 24 96 11 4 35 51 58 17 81 15 54 
3R4TF0 56 21 26 27 17 49 66 78 
Z2RWHA 39 79 11 86 34 75 93 6 14 100 94 52 27 77 38 
UPV9FO 86 67 0 34 47 49 
JL1VGF 15 86 74 91 65 4 81 47 69 32 72 77 59 
H7FKSG 15 11 43 52 97 62 71 96 54 
MWNXPZ 48 90 16 49 45 70 72 29 80 
T7E97Y 91 52 22 77 
2UYXLC 28 29 54 3 11 36 3 
PSD4BR 20 25 31 15 34 58 17 96 73 58 61 11 58 80 50 5 54 80 57 50 40 
MZL8BR 57 9 8 40 43 28 95 28 58 
7N9L4Z 9 11 25 36 95 16 44 0 42 43 35 94 72 8 0 88 74 73 14 82 
HG82A9 84 95 60 50 91 
U5765K 19 85 66 5 93 9 76 54 26 11 93 38 30 1 25 94 22 15 14 64 67 
IGBOKW 72 61 83 20 100 50 59 57 31 23 82 79 20 82 60 84 100 
I6U3IZ 25 43 70 100 70 48 54 
51AKZP 87 21 89 88 58 62 20 32 41 30 76 37 74 68 22 53 16 68 40 77 4 
EXTA8D 71 51 72 98 66 
61YKRD 45 37 95 73 1 93 88 12 15 98 7 34 29 50 53 77 16 
GS7DYN 66 10 80 97 19 95 83 79 68 33 62 51 81 
7I528B 71 22 62 64 5 67 69 6 36 100 33 68 15 93 76 45 49 49 
NZZIT2 66 48 31 56 13 75 60 
K5KXHM 58 76 62 29 9 93 39 42 59 45 90 
YB8EIS 43 21 43 76 62 52 33 80 58 74 24 52 87 83 2 93 11 49 73 42 
YY6QZQ 6 72 88 75 37 90 20 76 77 36 19 42 71 50 46 3 22 80 
SF73GG 81 76 91 48 58 62 15 94 93 39 19 93 39 32 77 
WRZROO 2 71 80 51 75 37 24 85 95 100 56 63 19 49 27 85 
6CRVPR 71 9 98 89 6 62 83 9 12 41 19 37 31 57 81 
KI2DRM 58 92 16 84 26 
WUV4Z2 91 26 30 37 97 63 
GAZXFA 5 51 91 76 4 24 
8TVYME 100 29 71 81 54 83 
QIKJRJ 72 31 83 2 61 39 24 0 100 96 93 32 52 43 99 47 26 51 75 49 39 
YCUHWP 83 70 11 97 10 32 8 18 38 98 48 2 29 12 100 17 
N1J9GG 33 49 88 34 58 48 
7RE70F 100 26 72 23 35 3 64 99 35 28 60 88 43 100 11 86 84 85 6 56 
Q3STKD 30 0 26 83 
6VQNYS 92 76 53 77 32 20 50 6 84 7 89 17 52 81 45 1 93 78 10 54 51 
13O50L 53 30 50 88 91 
8IRPPJ 75 59 34 52 98 52 94 63 
G767JM 2 18 78 11 99 83 82 4 55 80 82 93 88 93 
S5R6RB 68 3 4 77 19 66 16 
91B6BO 73 99 11 68 84 40 11 18 2 13 14 32 34 64 47 73 59 73 
4S7M1Q 29 85 71 24 88 49 89 62 93 81 86 78 95 98 63 34 5 88 23 95 40 
JI8ENS 64 46 20 45 6 46 63 98 50 82 94 30 3 33 68 
F0228E 16 56 0 69 59 32 86 13 65 85 51 8 80 44 7 24 25 
504YNL 0 92 20 14 78 66 60 60 58 7 55 72 79 4 52 95 91 79 
BOC6L8 63 53 94 44 95 49 91 47 
VDQANS 89 61 40 35 93 73 1 49 2 30 26 63 27 44 10 27 
G2SZAA 70 61 90 92 96 28 92 23 44 78 100 
IBFPU7 38 96 32 75 70 96 34 27 
Q2MNDP 27 74 50 21 5 3 80 6 59 31 1 99 59 94 36 24 31 
0PNAK7 78 12 68 14 45 64 54 
EUV9H2 52 92 20 31 1 90 22 87 91 51 67 31 38 46 16 73 64 62 34 12 91 
LVC8RL 15 60 31 26 6 91 92 54 69 
XXKO6L 93 48 82 1 46 20 64 17 31 97 18 23 68 
NG72G6 78 50 50 13 49 72 52 58 
2DSPL4 77 79 54 85 90 30 29 54 88 58 19 99 23 83 98 
CHQMU5 42 38 47 56 100 
60QFCT 53 52 39 45 20 95 56 72 48 18 84 37 10 44 71 91 46 99 95 1 32 
75I9QQ 3 21 60 51 36 28 84 50 44 60 42 
7XQHD3 20 53 64 99 95 95 44 14 70 78 
0G223D 12 60 55 31 5 32 48 64 43 47 42 45 93 6 4 12 53 53 
0QVZ79 47 16 42 31 
G27VUM 68 90 64 8 95 4 3 21 
QKIXEH 4 42 42 41 61 8 68 13 5 92 78 64 91 
9LQT5Y 30 65 49 26 
4SCTB2 73 9 84 70 36 100 54 3 96 40 75 23 26 91 10 
3F6FHC 90 83 99 89 15 46 32 30 83 22 72 49 53 16 19 
JO3ZHP 84 79 0 17 61 39 62 7 51 18 5 40 
OD2WPY 68 56 49 28 98 93 95 90 49 81 100 71 63 39 91 
XYO685 84 23 40 5 89 59 64 53 70 99 79 87 60 74 53 70 41 
M9R4GZ 51 1 6 20 8 56 3 2 62 
VHHOR3 13 53 38 58 
GHJ2J1 97 29 41 70 63 54 21 46 45 
OE7AAZ 5 36 82 67 41 11 45 30 18 72 50 59 21 12 43 5 94 15 
WJXHVF 72 66 43 32 93 47 95 90 84 89 80 16 17 67 81 
ED7X7O 82 31 1 40 21 70 63 19 65 68 89 66 74 62 
H6U2KE 34 84 32 92 53 45 72 83 75 21 81 69 19 61 
OZCWW1 18 86 59 76 68 24 39 82 52 82 
8ZEOJQ 97 53 13 36 7 81 72 12 81 96 50 20 52 18 77 
LM9VRH 23 81 26 98 45 93 
TKDD4N 98 47 73 59 92 13 55 84 10 82 83 9 41 30 56 72 59 90 100 50 
OEEGHF 63 61 57 85 88 82 86 18 73 66 28 41 48 
HBIPUS 68 60 21 17 5 69 95 49 49 42 85 
TZJ1GX 31 86 63 89 30 56 34 38 8 56 16 24 2 21 15 21 98 
8RKGVT 48 98 52 89 23 
VK9OV7 55 60 67 11 30 82 17 53 49 78 61 60 12 
5N0E6I 87 84 71 3 24 1 76 82 0 8 1 62 4 79 88 45 71 49 31 
XSXX4O 5 60 47 80 11 45 30 52 54 81 52 85 16 85 3 99 8 18 94 32 62 
8RKS4W 12 67 65 77 50 38 36 35 65 90 54 38 
QX3DI1 22 33 60 19 21 
0E0QN0 29 89 9 73 14 87 44 68 
N15LEX 5 41 60 67 60 13 98 61 85 0 58 44 32 80 20 
EVPQIX 6 92 65 68 36 30 24 67 32 12 89 94 96 91 3 29 68 75 63 
CO7LCQ 40 18 18 39 74 86 65 83 67 30 87 81 56 94 
AVWH56 21 84 48 88 68 60 7 70 46 83 72 16 89 35 25 73 2 6 
BZXK68 27 94 18 26 99 44 39 55 53 41 33 49 39 20 73 35 34 78 
QLM64S 32 79 22 45 96 96 
P4UNAK 38 25 37 37 88 98 18 6 51 15 15 10 23 9 
TXUUZ3 59 28 39 51 34 25 25 35 83 34 34 
Q2TXJG 89 60 80 81 42 45 5 70 12 13 55 0 
2D1GVS 99 37 33 3 96 48 56 33 6 
IYBWHS 50 54 92 9 76 57 90 16 64 68 32 97 2 
G10R3C 34 17 45 80 55 13 33 20 
FAT16D 31 49 43 77 68 49 58 49 88 60 95 11 59 44 39 48 74 60 19 77 78 
Z68SCB 95 68 9 94 28 14 11 
QR4L4I 71 93 70 81 13 19 24 33 50 53 36 64 46 80 66 60 52 75 38 62 83 
OVAQ6U 91 53 52 100 64 11 89 39 44 76 0 79 18 27 89 21 54 21 51 93 86 
EPKVY6 35 30 27 78 64 7 38 43 85 26 65 
A6Q2M6 29 46 44 85 62 26 31 89 68 53 27 44 
NJ1VCX 19 9 1 52 
6AALLO 21 17 8 66 78 70 73 34 44 98 23 62 88 68 93 68 1 20 24 
8RW0RN 36 98 32 83 31 24 34 66 28 89 81 24 60 68 6 92 57 15 
QD0L3B 84 65 8 49 95 
SEQ0WN 38 23 75 83 48 0 26 0 7 57 40 66 
BGIWJW 78 57 40 24 40 85 30 36 75 18 
LXZ1OZ 88 89 11 30 92 41 45 99 7 7 0 58 66 50 67 46 
OH7XMP 82 47 57 28 83 78 99 23 37 47 75 69 26 68 52 
58W6YA 64 14 56 83 99 51 1 21 21 81 10 34 0 63 16 14 37 91 26 69 44 
RDVRXH 90 32 86 49 30 20 60 89 54 45 60 89 3 73 63 65 27 59 54 
18RMK7 7 66 54 83 21 48 68 72 72 52 21 7 23 67 96 24 86 79 65 24 
IOBIMW 62 44 79 13 25 43 74 0 36 66 93 85 56 34 0 
UKMVFN 98 27 31 30 32 32 87 0 96 12 5 29 28 71 62 88 69 26 70 74 1 
A7XRJ3 35 86 56 60 53 24 24 28 70 12 12 9 
J3EFW7 89 21 31 68 61 70 24 23 10 95 18 6 
UNHSTO 44 44 28 46 6 71 90 50 7 47 
99H0WZ 13 90 26 77 32 27 78 7 47 
YJ9FR0 63 31 9 58 55 6 41 36 
XCNXZL 4 14 11 55 16 15 24 83 97 69 43 47 
UXBV7G 36 0 83 76 62 56 46 39 65 68 47 39 28 59 66 18 50 
9DBKII 77 80 84 35 9 75 81 39 19 79 97 72 84 95 100 
UNNDF8 50 39 12 45 7 24 53 8 
KLF71C 48 96 41 86 90 
KZK47K 50 18 88 18 30 
3WVX7B 23 56 77 80 82 96 78 15 89 53 89 10 51 72 8 
8S6USC 32 16 45 31 89 77 10 40 4 4 52 49 52 77 48 61 98 
GPOCHN 4 39 100 94 74 
39W685 4 96 96 51 7 19 6 55 99 35 57 28 
FE61GY 34 81 4 60 47 13 27 41 8 20 2 64 47 62 
1FAP9Y 94 77 88 77 17 3 91 42 4 56 30 79 89 56 74 87 0 100 71 61 23 
REU0YT 14 88 85 47 62 3 94 34 21 4 64 28 23 87 50 53 70 
WM8VE0 95 18 51 9 59 88 95 36 79 
2YRIJG 48 6 39 74 88 29 3 3 52 71 3 71 82 75 
0MVVN3 15 32 2 55 77 94 1 48 
L13O64 10 86 78 38 55 49 20 31 78 83 
XDHI6I 43 60 34 75 59 10 64 61 53 10 5 99 53 99 19 89 17 78 
22ATG3 34 51 21 100 43 84 90 25 80 61 68 89 58 37 17 31 56 45 50 43 
WTQ6Z6 58 66 4 79 62 96 49 65 66 69 19 73 14 
LWPKBN 38 94 63 10 69 70 7 65 57 29 19 3 41 19 74 45 97 74 26 46 
WS6NL8 67 80 45 12 77 32 65 70 87 87 39 34 87 14 15 67 2 6 33 78 21 
Q1O5IJ 17 87 6 8 21 14 22 56 53 78 12 65 41 65 4 24 93 17 82 
UE0K49 18 89 99 78 80 
AH56K9 63 15 33 88 43 0 88 26 49 19 89 45 43 11 74 41 61 
1MIJEC 39 57 64 53 68 5 83 71 81 0 93 27 8 60 25 2 36 77 29 
CTFU2E 90 92 12 42 
SQO7WT 14 67 30 52 18 92 48 39 26 58 
PCJD34 92 82 84 65 14 68 63 60 35 21 52 
L6POM5 89 73 51 94 8 62 74 23 28 39 59 65 93 
DSAKUK 45 61 20 35 38 8 16 94 74 32 80 52 14 38 97 14 
9N3DE9 67 28 82 44 97 34 56 24 17 80 6 75 59 53 64 6 18 1 37 53 
W3WINR 85 58 32 28 94 99 
Y8AQH3 1 35 58 12 28 34 
0NWHNK 10 86 13 28 89 98 32 38 73 83 13 77 22 70 7 6 
DBI06L 33 97 39 63 39 63 8 51 6 21 100 18 3 
K0GBKU 20 49 78 67 15 41 95 23 52 98 78 
HJZ169 72 42 37 33 16 14 23 42 3 
TDL6R6 70 88 61 0 97 6 59 33 73 23 34 
VST4GK 18 91 86 68 51 24 2 70 52 15 56 2 20 76 6 57 35 
IMZA14 94 64 91 45 12 85 75 41 46 18 33 58 59 96 
H38UOP 72 38 70 79 36 9 87 37 84 65 45 100 
OM8A2W 12 55 80 28 17 4 99 85 71 57 95 63 12 7 21 44 
CYH1W5 91 13 63 81 39 
O2KLYG 51 47 10 87 76 10 39 71 89 52 53 
377OCE 5 66 80 79 59 95 10 20 58 
J0HFXL 95 71 32 43 46 98 31 53 6 56 100 80 61 95 55 54 0 13 
M7MUKB 1 68 66 15 24 81 
OAABAG 52 81 94 11 22 17 12 76 56 92 54 
TAYVNI 30 29 32 2 57 18 
QZ1HZ3 96 4 93 25 7 18 47 69 
R6KY49 1 58 39 73 18 92 24 9 56 46 2 33 10 
PRLUQ7 72 67 42 77 93 7 98 54 5 45 7 74 83 74 1 15 44 21 38 19 81 
MSNLL9 46 10 27 5 24 83 
7ZOW3R 63 66 21 4 95 17 58 36 67 36 77 77 36 39 27 29 17 44 88 68 81 
LHPVM7 97 46 6 51 34 80 85 80 73 46 33 42 45 13 
V2BZNL 85 59 90 49 64 32 44 80 26 1 10 37 
JEHQSW 61 24 90 76 24 33 18 81 14 97 17 9 
FAJJS9 84 91 69 82 40 51 31 83 52 88 93 54 50 81 47 76 
GE9OF7 6 68 1 72 92 84 90 67 35 54 25 96 42 32 24 94 95 95 10 42 93 
J1ROLG 36 3 12 51 
TSLABP 53 85 36 45 85 4 16 1 97 63 
CLHGU6 0 69 2 97 10 59 37 26 50 43 47 96 5 56 29 
A8IX4W 92 43 71 45 54 74 2 20 
7OEPWL 8 86 51 50 62 24 69 13 43 85 24 11 
YO5BCM 12 36 29 0 53 87 50 79 71 78 56 86 96 22 53 
PUICO4 64 9 24 29 93 89 79 52 12 28 92 38 35 61 4 16 33 38 14 
87X0OJ 49 92 80 84 94 22 52 91 13 66 53 62 80 93 58 
F6HTTI 83 85 9 95 17 51 18 57 50 97 42 41 85 40 61 76 61 27 
B7YL87 84 66 30 10 24 19 22 15 
JS5SZ7 50 57 38 44 55 40 6 35 50 25 1 56 13 45 
YBPEFE 14 74 21 74 46 14 90 11 45 81 11 62 53 
PHA2NQ 21 75 13 0 89 43 26 15 74 72 25 46 81 
662VCN 66 45 65 83 12 96 22 13 51 74 37 56 46 38 
GKG4NF 5 42 82 86 59 33 70 38 
384E0L 61 87 70 12 56 40 16 98 54 78 77 96 42 93 44 
CA5WTT 15 99 57 66 61 71 89 35 82 48 43 10 75 6 29 72 28 80 
4MZ4IX 98 45 13 19 46 77 5 52 7 13 74 57 
6H1ZAN 26 94 44 35 16 96 4 31 93 24 61 55 77 21 84 
6OV12Y 27 9 90 34 47 0 27 87 11 54 77 98 89 
QXGCBI 25 51 87 46 43 58 21 87 48 99 53 23 
TMRH04 71 56 74 55 29 85 88 26 29 
3RH0VW 94 61 64 41 33 72 22 5 32 69 47 60 71 48 
OHLJ6Y 66 57 33 9 8 34 71 32 53 10 70 99 58 32 93 29 56 
GK61G7 64 77 54 16 81 93 56 30 93 19 38 79 91 41 15 35 30 59 
ISYC3X 6 73 99 84 1 43 23 33 80 7 20 44 4 38 0 3 96 
7YAKNG 13 37 31 98 0 18 39 
F6Q4GR 89 53 31 46 44 15 62 
YLTQOR 100 20 39 30 45 65 88 30 95 48 53 12 15 37 65 79 98 
ANVD4G 25 57 56 52 
C54F0H 51 27 37 12 39 78 95 62 99 67 87 29 
AZTRU1 70 29 11 77 45 64 6 79 89 43 95 34 100 30 4 52 
OB6YPC 38 90 38 21 97 58 61 86 51 60 60 42 20 77 0 79 70 81 3 59 6 
5VQWUC 55 41 88 88 46 5 55 88 83 68 23 
4SMZJN 78 66 89 71 97 80 
4N78X9 76 66 90 48 66 87 2 47 67 33 100 50 44 90 58 
C81G8A 97 74 57 69 30 63 38 27 100 9 38 9 15 5 38 43 20 99 27 60 
2YAKCU 21 43 85 90 21 64 
DV59D5 8 42 13 28 8 33 69 10 88 96 91 81 23 97 17 
X3KKPO 92 52 78 83 5 13 14 50 
ATXBTG 13 70 69 78 96 19 8 12 76 25 37 54 
EXG790 93 93 80 23 52 61 26 5 94 67 2 82 
8YTFRL 27 28 81 73 57 
JP04SP 77 9 84 33 64 42 57 55 82 10 72 16 47 62 
D5G8A3 52 94 71 100 54 86 16 56 54 48 12 49 94 96 59 78 74 85 
Z41GZB 95 60 27 95 15 85 
ZRZHBM 4 94 88 25 58 81 
H3S4RB 28 39 10 66 7 72 75 89 29 80 80 
K9FNN5 5 84 81 7 4 33 0 54 95 64 50 26 73 89 17 12 18 33 30 73 10 
EC8256 71 99 22 18 83 12 15 16 89 24 13 77 
PUBHPV 62 99 61 88 36 74 82 2 32 
1V234X 67 56 94 28 73 97 
UBPFU4 67 46 16 40 74 26 27 11 26 53 41 89 72 73 63 22 49 81 4 
YCRH4B 8 51 68 63 12 
T1TFO5 9 91 99 30 91 
1D30IQ 22 70 73 80 54 9 21 71 6 96 77 32 43 81 7 10 21 72 
4NLHOV 37 54 56 2 
T6BQGX 68 68 16 43 76 
T3Y18T 20 99 0 32 29 92 57 98 83 15 48 5 71 74 
MGHB0E 89 74 44 63 39 21 16 44 
G46MUQ 5 27 78 7 35 65 66 93 72 34 90 39 95 29 48 0 87 24 66 24 83 
QN6WCY 2 27 62 5 9 65 68 0 50 28 
MDNV5Z 98 5 42 59 9 53 77 69 5 11 15 28 7 21 
FA9B5I 7 80 53 80 96 14 45 29 21 
L1S1GH 2 30 99 47 56 6 35 21 96 
GPWLOS 59 5 5 72 42 6 100 72 67 11 
OX87LC 84 43 59 74 64 28 89 47 32 15 33 15 87 
G62GCX 8 4 37 53 56 85 4 19 7 72 0 66 
WN8R7U 76 44 93 34 60 41 88 100 15 52 19 61 99 78 23 
BV49EX 85 18 96 16 90 70 90 76 
ER3HRV 70 23 55 25 91 43 21 58 51 83 26 95 22 34 30 87 95 60 60 6 96 
IFV8UN 0 9 59 46 80 80 98 63 79 38 19 94 13 82 
0B40MY 9 86 8 98 43 12 29 49 
BXRRBZ 92 82 27 3 47 54 37 52 53 26 54 81 55 36 87 57 13 3 80 55 
TSAEQX 22 100 91 18 27 48 6 17 19 10 54 86 96 99 23 67 78 23 
RPCZJ0 28 100 33 18 81 19 72 9 22 62 80 61 79 86 
QF9CKH 20 27 59 89 79 71 67 52 42 2 77 62 1 3 61 44 
JDN9EP 52 3 44 47 21 48 
SLGUMC 46 75 15 79 80 84 79 91 34 68 95 19 40 81 27 82 63 6 
PTEHAH 40 11 7 40 69 8 92 
5R7Y96 79 53 68 56 28 
9JHHO3 12 29 7 68 19 87 66 70 91 68 
090BI8 88 18 1 72 46 17 45 7 66 92 
23BBY7 35 70 18 28 
OTX7DH 24 20 54 93 58 29 8 23 97 56 25 6 
31WD92 83 96 33 70 35 26 92 55 27 18 96 8 99 98 9 33 39 
P4970C 28 90 53 48 52 86 38 67 
AL91CZ 84 62 63 74 10 12 29 20 17 99 96 86 85 1 31 41 21 72 
AUABRG 100 17 6 89 65 37 56 25 29 54 49 95 87 0 
0EKMQ3 60 48 15 25 98 11 
BKII0S 52 86 90 5 11 87 81 77 94 53 53 
DJXAQ8 27 61 62 62 56 28 
NJ666S 24 65 44 5 99 61 94 32 43 94 97 72 27 46 57 50 100 51 45 5 62 
PIMPER 83 41 97 79 49 54 97 53 36 81 
OAPXXJ 19 9 27 25 95 82 72 9 10 88 89 62 17 68 67 10 35 55 38 23 23 
8H3ZY5 3 62 9 50 
UNSQMG 69 33 75 78 43 98 69 20 24 32 83 39 98 68 2 79 
LIII0E 50 6 70 51 91 23 3 94 37 40 97 83 75 86 49 51 10 37 3 45 
KAO1UW 61 60 96 100 25 7 1 83 17 16 44 90 72 14 63 51 11 14 48 
1XZZTZ 19 72 30 50 73 38 9 27 93 51 67 73 32 
F22ARD 48 59 48 33 51 93 21 15 88 
Z4EDWB 9 13 5 29 
AN2MQS 32 14 90 95 94 6 55 27 65 85 24 
R3F0XB 85 100 47 52 35 93 75 31 69 8 
ZQKC1K 21 79 63 62 
FRZ61S 100 15 22 27 52 87 100 80 53 74 
Z1XIM6 41 93 38 55 22 69 33 30 78 69 87 57 49 81 43 19 56 
NLG1VZ 64 62 31 3 0 6 6 35 83 49 57 41 32 63 62 87 17 90 37 28 70 
4NJ7QO 49 31 42 49 60 97 88 18 43 15 21 46 28 8 
P6KCLB 1 1 47 65 33 1 7 88 24 26 60 52 39 50 22 44 9 85 58 43 
0Q6W56 86 13 100 17 65 72 96 97 29 42 13 40 29 78 7 27 33 95 68 81 
A5ZCAX 9 46 23 76 0 68 98 
KDGYQJ 14 63 3 79 73 30 48 58 16 36 5 
8TLW4J 30 94 57 93 92 3 89 22 70 77 32 72 60 
2O3Z3P 67 59 67 95 79 12 64 77 16 83 60 22 32 43 41 97 5 20 
DZF7S4 33 0 4 30 60 
82RYFJ 37 30 15 32 
831IYT 58 53 20 62 62 86 49 36 2 44 39 88 98 
M7R2YJ 41 63 89 44 8 78 38 19 39 30 94 11 15 71 79 61 40 93 13 29 
E0EAF5 45 23 41 50 51 80 21 75 42 100 34 88 62 52 79 24 
98N916 85 99 75 67 39 21 0 45 57 89 40 
M5837L 35 64 82 60 64 72 52 13 
WJZCYA 64 27 97 76 
FUR57S 78 44 63 91 66 19 92 22 17 23 24 4 80 
PDEMMD 48 0 32 24 83 50 100 68 76 40 14 65 86 73 13 77 48 35 2 
080G48 73 96 42 59 
TF3GYR 71 21 32 18 8 70 54 28 0 38 20 70 72 69 68 14 71 25 23 33 
XC6I3R 73 34 100 16 10 14 99 24 51 60 89 35 
F6RYWK 53 62 29 1 55 92 56 7 28 86 14 53 49 80 42 100 93 97 
WF85X9 13 5 0 1 14 5 38 24 22 8 44 26 1 99 94 90 44 
8BU0ME 87 91 61 44 57 90 28 
5WRTTO 64 80 84 17 46 93 76 99 11 17 11 8 27 56 60 9 51 32 
ZYX4UL 21 69 61 53 16 50 12 92 24 1 63 17 87 36 85 
2VB7BZ 0 4 71 34 5 23 18 99 100 5 7 73 36 44 73 48 8 74 77 93 43 
9MYC0G 3 78 49 95 31 80 90 90 56 81 90 
B11TM8 21 67 49 4 37 3 70 98 40 17 11 1 66 56 9 3 96 
48E2M3 52 49 69 39 62 52 3 71 3 9 89 64 29 
MVDW86 64 100 18 31 6 4 9 24 30 9 79 18 43 77 43 
S7YJYQ 52 78 76 62 42 93 48 67 78 83 48 48 64 
F2Z9ZI 70 68 56 2 65 92 
HQPEH8 79 30 34 92 13 21 27 95 71 48 15 86 
6JVACN 37 77 2 43 13 
01DZ1W 17 83 82 91 100 82 4 69 86 89 2 75 38 16 58 31 68 55 18 96 
JE2BOI 65 57 76 69 82 8 2 12 3 44 71 16 
59RVDI 29 51 93 55 86 76 13 25 75 24 
C60GT2 85 67 27 81 68 
ZCH1H1 88 28 38 2 96 67 94 0 39 69 
TDIVVZ 2 90 28 54 31 10 32 36 6 81 69 7 55 33 96 
D0QMXR 81 2 75 7 75 21 87 94 
MGQRQG 95 86 43 98 23 17 47 86 42 44 74 12 64 12 96 67 10 48 77 
J5ZXVB 93 31 12 31 42 56 78 77 57 59 94 
26J1OE 84 86 9 75 35 11 37 80 67 45 11 84 85 68 62 90 65 23 85 4 
XMPSA6 37 2 34 6 77 82 0 1 28 87 36 32 73 10 40 46 
RUERAI 42 13 55 90 94 16 45 33 26 54 77 82 87 16 33 70 73 67 45 64 61 
7N9QNQ 92 0 79 86 47 25 42 76 32 90 78 85 33 41 46 12 52 88 89 
0RBHXW 87 95 74 46 74 
LFAMNW 27 67 44 65 1 67 70 53 4 57 75 45 68 66 52 8 86 19 81 56 94 
5WMQHV 79 38 86 76 89 72 66 
HJH6IG 53 77 28 14 96 90 59 
65MKK1 14 24 68 20 41 3 19 46 
OFUCVW 55 46 84 63 39 2 22 25 80 24 0 78 78 78 76 93 
IEX8V5 96 33 96 46 65 29 48 65 53 
3S2W7F 91 80 73 41 5 89 
0VHR0A 49 20 44 6 8 33 95 68 71 100 6 39 16 71 87 5 
FHZG68 3 87 61 24 84 47 1 36 59 71 72 
XMFKN7 99 24 79 46 50 95 80 33 51 11 48 10 67 14 86 61 
DS6J7S 35 7 12 56 
5GRA3M 2 16 6 34 69 29 42 
FN3IDV 4 58 24 11 43 45 21 12 
R1FIY4 61 82 12 0 60 49 18 33 12 17 17 47 2 56 8 48 71 84 
F4UEZ4 74 83 11 62 56 60 32 54 40 93 23 10 67 69 43 31 0 42 29 87 
6HGU6R 56 12 28 54 71 9 28 49 70 65 54 42 44 84 38 78 
9O6FMJ 53 31 31 77 61 28 73 44 98 21 2 44 17 41 97 63 22 35 85 84 20 
BFCP76 65 11 92 97 48 14 44 81 33 74 98 
1XG4BS 62 84 57 92 7 42 66 58 93 54 36 94 49 
WEBCUP 26 81 41 81 59 32 13 56 81 24 40 20 23 
HDUR87 34 62 27 10 13 36 87 16 
F0Z689 80 13 92 7 53 31 74 45 
2BGIUD 24 54 37 45 74 51 87 66 2 30 76 37 24 55 48 14 44 92 67 
NN9OOW 64 79 88 65 38 67 71 63 87 16 65 47 58 45 60 28 90 4 47 5 7 
GUN8J5 21 79 43 25 13 14 56 5 
DJTZQZ 60 50 35 83 64 41 40 86 72 
9S909M 65 63 79 22 61 86 15 49 74 49 16 55 96 10 
6T98AU 37 82 60 47 56 12 69 98 86 55 22 70 28 68 82 32 8 44 32 76 34 
CY6WIC 10 47 49 68 
MFF8G9 41 1 22 87 47 89 31 20 45 53 26 55 86 78 82 
VZGWN0 50 28 98 45 90 74 71 26 17 18 87 53 90 16 35 
BXQ9DB 46 93 32 98 72 87 20 95 20 6 6 63 64 16 
XZT91Y 52 88 59 47 44 39 85 55 21 94 59 61 14 11 28 59 43 75 14 
AZXB5S 46 100 60 81 81 99 84 38 42 92 95 53 29 23 36 79 
O9QLXT 38 94 12 55 4 
94BOYQ 83 96 28 29 21 82 5 73 93 99 60 57 22 82 
WA3BK1 11 94 12 47 39 64 52 
TW9L57 3 1 10 46 65 0 21 33 57 33 91 95 
2O9HSH 89 41 86 77 83 77 99 91 
0NLNJL 30 31 21 31 98 9 18 96 68 9 60 55 16 2 83 72 7 50 61 
Q7JQTE 59 92 5 26 1 29 91 38 99 69 55 4 86 57 
2T7BOX 90 3 70 93 60 96 6 38 81 62 85 21 55 18 14 41 6 100 94 52 
D369XF 46 61 2 79 40 88 4 35 35 19 84 59 5 66 5 
Q8W3EE 18 48 63 94 44 45 68 7 73 34 66 66 
DM3WBB 62 2 6 97 47 
HVR99I 69 34 79 15 50 3 46 13 73 26 
VUDEX2 30 31 0 30 45 73 12 59 79 84 87 13 82 61 100 24 84 38 
XC035J 95 39 27 78 48 15 90 70 10 29 66 28 81 65 53 68 25 
D5SMG3 93 28 77 30 43 5 16 16 79 24 45 86 58 33 0 52 8 84 54 
T95A7E 97 81 64 29 28 4 22 34 3 51 38 46 42 81 11 0 45 30 20 21 76 
1RX6RU 50 89 98 76 
1RVMFW 83 27 3 4 25 1 88 78 91 76 24 66 31 
878ZEH 94 74 68 45 41 
6ZEQLW 8 39 71 1 64 38 24 47 54 
4WMT2B 49 40 11 21 76 49 9 38 48 59 62 66 3 
8WZXEA 13 67 0 61 22 
D3I366 43 9 11 5 1 53 93 100 99 27 45 
FTAOS1 85 83 100 44 56 63 44 57 93 
ZCWAZT 29 84 6 35 39 12 
PAZHM3 87 49 32 6 38 83 20 93 37 4 1 98 100 9 31 99 14 33 1 
DEXCDV 44 70 60 50 
R2VPEQ 52 64 15 62 25 69 23 38 76 44 44 56 36 14 58 93 26 
YZL2HO 95 40 42 88 
56PKVH 39 17 61 78 84 81 40 74 36 83 48 85 84 84 
P6B0C6 88 31 12 82 4 73 9 34 69 
5OLP41 74 21 52 74 20 
D7SML2 70 65 20 76 10 
LRSLYH 77 9 97 24 26 98 73 59 88 98 37 83 48 85 5 
EL5POE 15 46 100 23 2 
YFOJWD 92 91 40 85 63 
TH6BTM 8 21 54 41 15 88 6 19 33 99 
YBQKSX 72 96 15 71 42 53 53 60 44 46 53 90 
9H70KA 99 72 52 20 35 2 
89G320 86 79 32 49 76 3 88 5 27 33 95 3 72 52 30 14 77 77 75 19 94 
YVP3QV 19 26 99 99 100 1 49 9 1 52 78 61 83 37 3 6 17 19 
DBRBLK 27 62 17 55 7 100 77 2 91 23 14 21 53 81 67 
Z1IQ2V 5 40 71 95 74 60 66 93 49 87 42 75 40 88 78 30 57 66 
I42W74 99 39 90 68 64 57 10 27 65 38 95 29 7 
9PSXI5 9 49 14 4 14 35 74 28 84 55 30 99 38 68 36 36 52 
CE3QGS 32 79 66 96 
8K8Q1U 67 23 87 38 44 66 84 
UQ2G24 43 84 21 25 96 1 75 15 60 74 22 
QQABQY 87 98 24 60 
ZQMBFT 100 81 26 43 78 9 59 19 20 23 23 
IPAFBA 20 56 11 93 29 20 76 
O68CSC 25 51 32 60 41 40 14 57 51 73 7 79 57 67 
20JC2V 87 69 87 5 14 55 95 38 55 44 
KK86Z3 25 23 88 3 95 27 34 56 41 67 47 100 96 62 37 
F73JRR 33 91 0 17 
LW8W06 70 2 34 55 97 79 38 73 11 52 74 40 
UJX9K7 33 9 77 4 66 64 1 38 98 
ADTACK 40 35 29 75 58 94 34 38 93 51 51 92 27 
TTIU2R 71 30 72 33 81 75 88 19 44 73 56 81 68 62 17 17 17 25 
J02UIY 43 83 6 27 71 48 86 90 53 66 94 96 95 82 69 100 100 52 98 61 28 
AWLGXH 81 99 13 79 91 80 91 42 28 37 84 88 26 34 82 
ROWPPA 9 19 21 27 48 33 35 18 12 61 91 30 
5NFRJN 83 30 35 69 46 92 89 69 
8XBFWD 40 96 43 52 39 44 81 45 68 6 76 29 36 20 30 75 48 37 
YF2Z8P 70 50 90 33 20 7 
0CV7X7 100 85 63 36 19 21 11 44 43 49 48 98 61 
QNZ3HZ 27 55 4 55 30 49 36 38 25 7 51 64 56 45 100 74 84 
DWE2TH 34 65 73 33 66 80 70 25 90 82 53 29 100 64 35 
APPZQH 96 99 39 47 83 24 33 91 50 28 34 18 60 60 9 40 91 43 
M0K4I9 42 56 53 8 53 72 18 22 68 58 61 53 95 72 40 36 31 71 
H7K0N8 100 86 31 57 51 92 73 2 23 1 78 
97GV3J 89 57 24 14 45 39 25 71 94 10 27 95 36 43 30 62 51 83 71 
YL7QYB 55 65 47 96 50 61 98 
88D82W 19 100 70 52 22 4 48 93 41 63 43 72 72 40 13 25 17 47 
41T2C6 39 99 20 19 18 23 94 78 39 3 27 92 
MDF27C 61 70 43 34 47 51 34 54 57 64 84 41 53 45 36 88 69 15 85 63 9 
AQU3ED 42 18 97 65 12 34 46 66 39 51 44 53 38 13 
MFBW98 52 36 41 99 1 89 72 63 24 61 97 19 22 
OA0VSP 55 1 64 90 54 75 82 21 0 77 36 51 22 
0OQBX3 38 51 30 55 24 13 7 71 98 17 83 47 71 48 30 
IVNVY8 1 84 94 93 37 3 48 41 92 47 79 79 
6BDJ44 2 53 92 16 83 7 42 38 17 30 83 77 28 18 30 56 
7UAMO9 29 83 17 49 96 31 64 18 63 28 
7M08PV 73 64 33 86 75 26 55 43 64 60 77 1 93 
V1D5CE 99 1 21 72 57 58 52 13 11 78 
GG6L2U 37 90 16 85 47 48 23 5 94 66 
VMBL25 66 85 13 3 24 3 50 70 55 73 95 17 82 43 66 63 2 79 27 82 66 
H88NYR 97 73 26 95 87 58 87 8 96 89 14 3 23 37 65 45 
1PNDG6 72 94 8 10 2 38 7 53 92 
KOTOQH 49 47 77 94 92 93 10 47 33 89 61 96 22 18 95 63 
6HBN0N 16 28 73 21 3 68 76 67 49 63 26 76 83 31 75 50 
6X7W4N 85 35 68 97 55 77 60 64 53 62 99 33 41 20 31 8 1 64 39 72 
N6GJCE 44 0 51 48 10 100 
LSWSNZ 61 61 53 0 87 5 0 99 35 56 76 79 70 94 4 30 68 
QNU8NR 70 65 11 29 28 80 60 64 95 70 
1QHGPT 0 55 80 31 90 39 37 83 22 17 79 25 40 47 26 96 47 
C4BPZR 49 48 80 97 39 66 61 23 
WGTE5N 92 99 49 32 31 78 25 17 22 4 73 
MBTIZ2 15 100 65 76 12 0 56 22 96 39 96 12 48 
L2DNFP 16 36 36 3 73 10 28 66 47 24 49 19 90 10 31 0 48 6 65 8 
W2U14C 40 33 81 85 5 44 92 15 40 25 
L777JA 22 9 55 89 9 86 94 0 14 72 14 91 52 66 42 76 15 98 84 14 39 
0U11I3 60 55 12 10 36 83 96 34 89 16 
L71WVE 82 12 40 91 12 31 61 61 23 7 93 58 87 11 18 58 2 35 11 24 
POTJJA 28 21 67 64 27 88 12 54 86 37 5 8 24 7 22 67 14 
WOC7RU 26 71 22 88 72 68 1 43 1 92 8 83 
J2RLIS 78 36 26 44 35 57 87 26 14 
32TSJW 32 93 12 28 86 84 4 38 88 14 2 2 42 84 43 
OBSY91 10 41 49 2 12 77 
KQTEB4 97 22 74 32 74 56 56 35 17 39 36 4 74 39 6 25 76 57 90 
U908B1 93 12 32 94 81 61 5 90 61 58 22 56 2 4 
UVG52R 68 3 74 35 76 10 76 5 2 93 57 67 14 66 1 65 100 100 5 48 65 
2RT8U5 72 58 5 96 73 72 22 84 20 58 1 
Y2OQWW 56 84 96 31 65 33 56 27 3 17 56 73 44 95 84 47 85 49 
MY0XYF 59 7 87 8 44 79 99 50 56 37 35 79 11 76 62 86 68 10 
IQLDSS 32 22 6 45 73 91 
67OYXR 59 57 56 88 65 9 93 74 12 19 8 1 59 49 42 30 60 24 63 
8TM7UL 22 38 19 19 
62MHCL 99 21 19 77 18 38 35 24 93 67 12 97 22 82 2 9 18 
GDOZWS 83 94 76 47 49 20 7 5 52 1 58 93 35 40 86 55 38 63 45 13 36 
GNPMO0 53 94 72 70 15 97 46 21 63 5 
IIJHS0 98 91 90 53 20 11 3 59 82 65 45 2 34 27 75 
TD8SXH 11 25 91 96 53 91 23 
MQXLWZ 45 18 96 26 76 1 68 64 16 85 95 77 51 21 
W7CBDY 95 14 3 80 25 89 100 44 39 2 18 2 79 14 5 87 39 30 39 24 
GBHNP4 40 82 51 94 19 48 82 91 44 53 70 
JV3086 43 14 13 31 34 71 9 17 50 7 99 11 87 23 11 46 18 45 31 21 
VI8S5J 9 66 17 49 87 89 59 37 12 89 42 96 87 4 63 
KOBESN 63 76 71 45 31 82 37 
ZFCLSD 58 35 46 25 82 16 67 48 83 70 87 93 2 22 27 
1R7V1D 33 66 50 59 31 26 95 25 67 53 14 93 16 53 85 7 55 11 10 91 
JSQCJD 25 64 78 33 64 56 30 33 22 25 7 63 18 57 64 
RG1PF1 5 7 12 47 8 64 
U6H2C7 1 81 4 3 64 8 25 26 
U3KOUZ 19 23 8 96 37 63 50 10 22 35 94 10 17 47 66 34 64 9 
HMXVBK 37 38 11 53 51 29 88 
L76IZY 4 19 48 23 73 24 11 51 32 98 18 0 63 14 82 
WEUJ7A 86 29 82 26 24 66 61 68 25 9 
01Y5YY 15 78 73 42 32 2 
7OSL6D 75 11 90 13 68 9 37 41 88 50 27 2 27 
AJ14QQ 45 57 28 4 90 100 38 96 54 81 87 91 53 
P8EB79 40 54 20 82 18 16 
30J8XW 32 29 53 55 35 17 94 16 7 58 64 30 
RM7QYJ 92 52 11 73 63 58 36 53 84 43 78 79 98 51 30 71 60 12 48 
6WNXC7 74 61 48 1 43 70 
RWSOKO 65 74 47 29 66 47 14 28 25 16 69 77 45 2 
1RV47V 78 25 73 71 93 80 49 25 95 22 48 20 83 37 98 32 
7P4XOD 11 77 64 8 90 56 92 37 67 70 36 98 80 19 67 17 74 92 77 11 28 
LUEBEJ 76 97 80 54 81 49 95 4 26 98 48 52 83 67 73 28 
8XSCFR 73 15 19 10 99 100 71 16 54 26 32 59 30 69 5 71 
CDV6RQ 83 21 40 58 89 0 94 50 86 13 31 89 32 54 74 30 90 89 43 2 
X9PHQM 57 53 72 69 35 12 78 74 43 14 55 19 43 74 77 
R6YU2Y 89 69 92 39 34 35 25 32 41 37 27 87 51 94 
6JIDEU 53 28 53 14 12 30 96 25 
M6D2B8 11 45 69 78 4 42 
IJT5I1 9 98 34 20 66 83 97 15 60 99 78 79 22 28 26 6 
GSUJZE 86 71 11 5 91 
1X9IWK 64 74 17 99 55 86 7 88 17 83 16 37 14 42 
JV25H6 49 81 65 40 12 72 74 69 56 8 43 36 80 7 47 57 
NRX3A7 54 49 11 69 95 32 
G9SPQ3 75 80 95 34 20 84 79 18 17 68 74 37 60 
QXKQV0 22 51 100 51 93 77 100 56 25 30 63 1 19 57 85 92 
NI0RGA 99 33 84 25 6 94 52 90 92 13 38 58 100 68 17 19 79 98 
YUGWKD 85 68 30 91 67 
3CFLG6 17 3 72 14 99 71 9 73 20 20 60 13 29 100 82 92 6 69 
6N8LQ4 46 75 49 82 55 26 57 46 67 93 60 9 54 33 83 60 49 18 
DDM877 12 3 76 14 50 13 
3N48TC 23 78 26 21 11 50 15 1 62 82 46 53 49 73 54 22 50 35 19 8 53 
ZIKRCR 37 86 59 3 10 5 97 47 21 55 91 44 57 80 72 54 8 47 21 36 27 
1ULN87 4 4 0 66 76 46 43 66 
QTR5Y6 79 71 78 0 0 11 
6PS9B9 31 93 52 14 91 62 66 33 70 86 63 91 73 79 11 10 14 
2M659A 54 67 97 21 37 8 31 35 6 78 15 22 78 11 92 56 12 51 
YOU8U6 60 33 31 40 80 99 34 4 40 87 61 72 44 27 30 70 25 31 
XJSOLF 22 29 91 43 96 56 67 9 
TYWZ0F 47 37 74 7 5 31 45 95 3 29 1 29 40 48 51 92 82 74 58 33 
5CDX47 16 76 20 27 66 26 1 10 83 12 18 48 65 30 26 61 
ZWNQBZ 72 97 59 19 25 6 25 41 99 89 66 28 24 43 81 53 
K7RHH9 88 58 8 57 62 
A2OOSL 72 95 100 25 94 82 30 71 10 56 33 42 96 15 21 81 69 72 86 44 
VTFEVA 22 53 70 70 62 70 24 34 50 84 87 22 79 
NPVVSU 25 88 33 84 17 12 80 54 94 28 0 64 32 29 4 
ZWIDUF 72 17 17 57 49 4 58 79 44 87 26 18 4 46 37 
YC2UUK 75 59 83 21 43 
P34XVF 41 42 88 28 29 47 15 39 69 89 71 90 14 4 2 44 
A1UKO4 2 69 67 29 36 65 28 31 23 52 72 16 8 49 70 50 74 23 77 0 
Z3R4W2 42 16 98 98 3 26 72 37 48 63 
1GVI2T 71 22 55 64 37 14 
B72K83 59 8 79 79 43 74 76 11 29 32 57 39 56 27 28 0 96 10 
G88FKT 80 55 17 49 1 2 32 71 9 92 
18A4MY 12 21 68 76 12 97 89 74 89 5 40 16 64 40 41 10 66 
QKLYU1 39 90 69 77 80 76 80 58 22 32 86 99 75 67 35 43 99 
F69IE8 78 75 99 22 44 69 6 97 67 32 72 
9CA7YV 52 31 49 64 67 8 63 65 40 0 69 16 64 60 6 95 
9KRWTT 15 94 90 96 95 92 86 71 94 7 95 28 
BFSDLH 90 57 80 67 
BONEIR 28 93 35 53 78 7 87 89 40 23 77 68 8 1 67 80 93 59 8 36 52 
ZRK9ZX 68 85 70 80 56 41 96 55 63 12 56 53 13 84 96 39 45 2 84 11 6 
WAL045 98 67 37 9 96 60 37 31 38 8 41 8 28 78 
LZ82C4 30 57 5 54 26 71 6 13 81 46 60 43 26 18 
V31TU4 77 89 32 66 38 17 12 
AHFF91 57 34 74 10 46 95 50 81 43 53 99 32 
4DZBAU 59 30 41 96 59 38 20 24 62 96 98 98 97 
GABCDG 16 11 95 4 37 8 41 91 65 83 53 91 26 50 30 
W3HXCN 27 53 67 25 85 39 82 73 22 65 13 29 25 3 37 39 19 68 36 41 
FYFLH6 84 43 14 17 28 18 28 47 94 60 98 40 3 19 
NXGSMX 68 35 32 34 3 29 4 
RD5KG0 91 50 100 15 34 61 7 8 41 22 2 49 
8SY1HK 3 22 62 61 18 56 6 25 
1RWPFW 76 95 4 81 67 58 59 24 59 74 81 
MP2NYU 48 80 38 18 46 25 76 33 84 38 43 29 35 76 39 
6IDME0 7 25 30 10 64 28 75 96 80 47 77 14 31 73 16 94 90 9 36 
QGVCS7 78 64 2 98 38 48 41 50 97 30 14 69 91 66 74 
NKNGHF 42 53 46 99 71 33 56 31 52 28 6 
VPG9UT 88 100 38 28 10 61 67 37 80 47 12 20 67 24 70 57 7 23 
BM63YD 73 35 48 22 61 69 41 26 39 10 16 58 17 29 99 38 88 9 
I9NC26 66 50 29 83 29 91 
24ZI5K 52 5 11 21 1 51 95 19 25 100 41 13 99 46 27 52 74 85 98 
EQZDEF 31 4 30 11 19 28 58 49 65 50 
QS741R 28 29 68 73 82 
BS4YRA 2 7 28 9 92 98 99 78 89 5 63 67 83 79 90 
B91PWH 64 85 22 92 31 19 
BW7KBF 42 1 27 46 87 20 
5KZM59 84 44 88 59 84 39 26 70 69 63 43 89 0 46 89 67 5 82 10 10 43 
I1TYO7 69 72 68 37 36 52 47 40 37 3 94 28 16 41 62 78 
344DMS 82 72 59 75 65 57 77 8 19 28 8 17 68 16 32 98 
0IYMBU 51 40 93 26 69 63 
2FCEWR 60 55 94 43 28 17 84 93 70 14 56 14 70 50 98 28 
FUS57U 72 26 93 86 95 26 58 29 76 
NI2G9N 19 0 33 29 72 40 53 91 12 48 37 20 35 2 57 16 8 75 92 39 
737KRX 2 0 72 16 24 70 95 46 5 61 88 35 
G65YDG 30 59 4 85 23 26 5 46 65 42 34 24 90 7 60 58 71 19 15 73 
HLT00G 28 94 26 17 92 24 37 85 77 
VCB1R3 48 79 64 19 31 87 
N0FPOG 72 56 95 15 95 51 73 35 9 91 30 34 10 41 29 19 62 54 26 47 
P7J518 75 17 5 50 61 18 84 13 94 70 68 56 40 33 40 77 91 
47ZAY7 75 54 97 67 14 59 16 53 59 100 54 94 85 67 39 31 10 
L9OAQI 93 20 46 5 1 53 85 13 
UT7NLQ 76 6 34 36 35 80 71 
04YA70 56 21 18 91 49 95 23 6 25 
BHGODY 93 84 34 20 79 53 16 17 18 100 94 72 69 5 56 84 72 72 
4R4Q82 37 88 57 75 66 69 54 44 67 11 23 33 
53Y0IG 72 54 66 9 33 91 53 96 8 58 90 
ERBLH4 3 76 43 78 51 55 54 84 
0B6C9Y 7 87 39 21 89 52 73 96 30 88 54 38 99 
GTF2V1 66 17 74 44 61 38 85 68 99 63 49 88 96 24 70 54 1 
FYL169 53 85 94 87 44 56 52 78 92 49 59 9 
PWO97D 83 94 65 34 4 1 23 
WFLVO8 38 10 36 96 60 38 27 100 51 44 45 47 69 
Q40CEY 85 99 20 4 76 52 83 42 16 15 15 29 59 23 97 
7TP93I 31 32 66 58 78 40 4 28 35 44 98 10 15 86 62 40 29 60 75 0 11 
0KRCRD 32 51 14 93 77 99 85 100 19 89 94 20 22 30 65 99 59 
ZU17TQ 1 7 78 66 20 10 10 22 73 59 17 24 37 44 10 
I1209I 9 40 66 31 96 99 26 27 45 8 11 88 66 9 58 92 94 
AQHW3V 64 64 80 53 50 78 99 82 93 29 35 60 89 
O9L8DW 20 44 4 58 54 27 31 16 74 3 
4D3SR0 39 92 1 10 99 71 61 67 47 65 63 51 34 27 92 67 44 
R8SN29 23 76 1 9 57 29 
XERCN3 58 41 33 63 3 
7I5N0N 87 12 36 87 54 40 42 51 33 80 
6RWLLP 28 58 80 80 93 71 41 20 97 37 84 69 22 57 81 34 
KOULTO 37 64 79 6 5 23 82 2 15 99 99 48 55 9 87 34 51 74 
9MWOMU 50 54 1 64 69 4 19 78 77 39 23 53 22 87 4 77 82 68 74 
A3TM95 98 16 86 7 21 15 15 82 59 43 87 52 18 
YE6330 2 35 42 71 81 75 100 3 48 40 73 76 79 1 21 
UHH4H9 57 29 97 8 3 60 90 84 34 14 8 40 64 88 
KXTZC2 84 10 87 61 88 2 58 8 69 40 99 42 90 25 87 33 95 68 39 4 
ULI7FO 44 14 86 65 44 58 
GQRN69 24 48 86 1 
05T0NM 36 73 48 81 91 46 6 41 14 55 84 30 97 39 36 51 
MUES5Q 5 12 65 56 27 36 81 51 8 53 
3II4RB 83 82 54 43 3 30 11 2 51 31 94 66 7 70 11 1 65 
OX2TV0 65 16 87 100 
YCOL1S 5 44 88 8 21 20 34 93 7 95 25 10 75 68 72 46 19 2 73 1 
P7PEJV 2 30 13 17 
KCV7MF 37 15 27 42 67 61 
1YRZ61 96 73 60 8 39 4 61 46 0 85 86 76 62 
N1L41G 93 38 28 60 1 16 48 40 49 39 80 62 22 61 26 35 22 30 
80S09P 80 83 67 19 57 84 3 9 62 74 4 40 34 98 
W8PBFC 71 18 34 40 98 13 92 71 52 0 71 96 63 
HNNUUJ 24 37 56 43 4 83 36 27 25 79 87 40 96 12 
7OFANC 4 78 54 18 22 28 69 73 91 55 91 46 78 8 14 
V98HP5 59 40 23 18 69 72 84 40 
ZWTEOE 76 7 45 41 94 98 38 87 35 71 76 77 8 1 58 24 29 21 67 91 
NLO2OJ 62 93 13 41 14 34 16 88 83 27 25 46 72 60 
24SE7A 99 60 27 68 3 84 63 79 88 90 32 88 68 25 19 67 51 26 36 
T3PXPO 29 11 10 52 2 89 92 100 29 36 90 39 18 84 96 18 62 83 75 76 0 
C92CVC 75 94 56 5 91 20 94 2 99 4 80 74 51 65 58 41 4 
LFM84G 73 4 13 86 83 14 24 96 
UF0OKY 42 30 18 97 13 3 49 54 64 80 47 72 64 17 15 26 26 18 74 48 83 
YSH2VT 0 64 17 29 35 
10W5Q8 22 4 65 41 
SQDW57 23 1 7 60 38 15 35 18 21 39 27 23 33 91 81 75 60 6 38 62 97 
06D7ZJ 11 84 26 58 95 55 4 66 65 92 8 74 14 67 77 94 53 1 32 70 73 
WF5RU8 65 78 51 38 67 62 61 13 26 74 79 65 25 13 46 6 75 
4NOTYG 32 86 95 58 57 73 13 19 86 21 30 40 81 9 82 
MF8F6Q 45 88 74 29 7 53 46 99 
3HQAYO 38 52 24 29 73 91 21 86 15 13 14 78 
0RG56P 98 74 58 63 2 2 99 30 49 64 31 57 58 59 22 78 13 45 
ADS139 93 34 65 77 93 50 33 93 76 96 
6Q73VU 53 29 6 22 80 52 52 33 37 87 89 60 46 55 68 
7I23XC 81 48 56 26 41 5 
AANYLY 21 39 48 25 
0BUOTH 27 31 22 17 60 68 28 58 73 54 61 3 
VH15V1 69 91 89 23 55 24 25 96 76 85 89 
ZT044G 53 97 32 75 89 80 19 18 16 9 58 15 53 24 17 70 
U8RJWM 47 18 62 52 1 19 8 77 11 97 61 59 5 89 
VU1BYK 84 11 21 94 29 26 97 77 3 72 72 10 18 53 41 45 23 49 
TTL159 95 58 49 62 67 71 82 
3J9MC2 84 36 62 79 94 44 76 43 31 62 26 12 
3WHNQY 23 78 76 23 14 36 98 32 70 
1SWSD2 71 50 50 4 7 
KHA3F5 59 6 84 51 59 59 83 15 45 26 90 
00ZAK5 99 13 42 86 36 100 48 10 24 21 4 71 13 56 
ZXWR1R 30 63 92 47 9 89 99 
0AFE0I 94 44 83 2 95 82 99 99 55 60 5 72 7 
55LV1F 56 68 64 86 95 43 
F6LLVG 96 45 58 31 52 96 4 3 10 3 59 99 91 
1CEEUA 73 71 23 11 24 24 
0U5QJO 42 50 53 1 58 25 45 96 86 40 82 85 5 
5J7PHJ 21 81 52 54 13 
8DN0MU 36 22 1 41 
WD84U4 86 7 88 19 89 25 40 27 78 
E4SAXH 5 45 3 84 53 4 31 63 
UXR4M5 83 82 85 92 93 78 78 89 1 31 75 43 58 4 14 80 
LQX64P 58 36 83 64 45 30 30 7 89 79 99 9 
MH03XZ 74 68 6 16 70 88 48 67 47 77 21 88 86 99 26 16 17 
40WGUZ 35 41 42 88 
GU7CRR 37 8 20 10 87 
71XQD2 67 65 95 31 73 9 46 9 87 
OBY77P 11 81 51 100 47 16 94 39 85 14 3 8 53 95 73 
P9CVI8 63 49 98 9 97 88 84 11 43 73 75 5 72 
99MDC2 85 85 26 42 67 41 6 9 
J7OCVX 59 82 78 63 92 5 8 33 75 19 95 17 13 
VLZLKK 47 54 44 25 66 96 86 96 36 4 54 
DPVE5F 71 18 11 75 55 58 41 12 73 28 27 98 4 28 13 69 
9MBPFH 4 14 61 84 87 73 4 14 65 9 82 67 97 35 65 26 62 
OMSCND 76 19 72 91 43 7 50 86 12 38 33 82 24 
78TRIM 37 70 95 71 62 20 46 92 77 35 80 
SLHYBC 62 76 86 74 45 9 9 59 30 30 
ZF1MBW 83 31 2 17 41 36 65 37 65 90 95 91 29 88 35 9 
PQ500L 31 42 56 15 53 61 78 91 92 23 75 91 26 
6XFYVP 26 2 20 35 66 9 62 99 7 63 78 2 24 72 79 38 95 64 62 65 
WPSIPU 38 54 24 22 43 87 50 13 3 91 62 13 37 17 83 
4J9HSR 68 1 80 19 
13STW8 57 4 6 11 76 58 86 21 83 43 52 85 18 42 52 17 
BQAYVL 99 4 66 8 22 49 38 36 78 81 9 97 93 11 96 25 11 14 
VNEFOQ 51 4 95 6 92 81 75 22 10 50 56 
97TBRO 78 33 73 52 78 4 37 18 67 34 73 79 57 64 22 32 
WP4U0V 16 97 28 87 38 31 77 13 58 
RRVRMK 22 1 83 81 62 24 
V1BRO8 24 18 84 53 43 99 19 71 19 
OA5SRZ 7 15 75 21 99 81 98 88 39 45 48 98 43 63 2 
B4C5DY 20 1 77 10 12 12 7 95 38 16 
8XY0SK 70 54 32 55 83 59 53 93 42 41 63 41 63 33 85 37 38 24 89 92 45 
KPD202 53 41 23 28 38 23 72 29 81 0 37 96 72 43 84 71 
Y2MHJ2 95 50 44 19 22 57 20 1 65 81 92 94 54 91 3 
S8CZ7W 38 97 34 12 33 15 7 27 
JNG5O6 23 16 11 18 24 85 52 8 64 30 1 48 86 3 2 92 
BUMCZN 46 82 4 28 53 0 58 95 46 26 64 
7EX2SO 3 3 79 39 88 46 97 0 75 10 
4B89E4 22 92 11 83 8 17 78 10 
K7I4EK 81 48 29 7 93 86 20 82 37 
H6PR88 88 29 58 44 64 13 15 78 83 13 42 9 32 69 44 
0LDQ48 20 93 47 49 90 
52AKWU 43 46 88 27 92 51 
1V9LPL 50 13 40 41 75 0 21 95 34 63 30 68 88 
2R9PLG 29 69 99 14 20 77 23 
3HTPCI 32 87 7 76 4 
TTDHVU 44 17 34 40 33 33 40 14 45 89 29 
NT8BDA 2 42 91 6 14 18 8 
9F4KSK 15 99 96 20 
7CB5VE 72 57 56 40 19 
CQ2MNE 68 41 89 87 91 52 19 19 0 98 99 63 77 3 23 66 19 30 
FM5YQ8 63 15 35 27 44 14 7 70 69 2 96 46 46 93 55 32 5 83 76 32 24 
7YLCEJ 94 35 67 23 
V9AWZ9 23 91 74 57 34 30 31 87 94 87 51 18 36 68 95 39 49 18 39 50 
2HJTUR 18 46 75 51 56 92 69 14 0 32 11 51 100 83 42 19 79 56 74 
S5V901 36 24 0 21 95 95 17 87 1 17 32 
7IT3CR 17 86 93 45 16 
UG9FM3 26 85 42 24 86 31 44 
NIXHCR 43 29 12 46 70 57 46 54 
AC8KKB 79 1 84 46 32 36 58 26 54 90 5 99 
RBXH3K 90 29 9 57 37 29 93 16 16 95 9 96 25 38 32 94 
O8C26R 33 38 97 7 9 37 44 45 59 32 75 75 
GV1SOM 77 91 37 99 83 32 87 
IQVW8X 37 18 50 14 1 25 0 66 9 44 43 55 81 94 60 11 
CRYZD5 35 27 46 80 53 73 91 91 41 75 78 89 
E7QEBO 77 45 60 4 18 44 87 
JSAUNY 48 90 25 91 33 58 28 39 54 52 40 8 12 24 12 46 53 16 20 87 
1ZXUMN 13 72 78 36 4 21 71 98 86 4 97 40 12 81 85 94 73 79 79 68 64 
GNOEN0 8 57 0 3 11 65 40 87 76 2 74 58 14 36 
1YYA0F 55 80 56 12 82 51 57 18 
HSBA2F 70 70 81 28 49 
VBLSEJ 88 79 98 96 25 55 100 17 30 39 99 26 
MJ09Q7 49 21 53 23 40 1 47 74 42 3 90 9 55 
VU3X8X 20 40 57 44 97 31 
VDITYB 34 5 48 26 67 1 98 73 94 64 17 9 75 72 36 56 
T7M2OJ 59 98 59 93 35 3 39 66 88 95 66 31 21 
GKTJGF 67 92 65 85 2 53 100 91 36 33 86 65 83 99 28 41 76 13 46 
HOQB6D 28 2 39 47 7 65 81 99 32 94 3 36 19 30 66 26 24 96 
LU6LGI 45 99 32 20 42 45 71 28 34 57 65 13 4 30 54 93 47 84 16 
ZREV2H 98 70 1 35 21 12 47 72 95 65 66 3 0 28 
Y9F7QK 54 60 28 20 5 36 83 25 50 61 37 
U9ORV9 17 25 86 6 62 61 63 98 2 13 7 71 70 
Q3FHOH 18 38 10 23 1 44 68 93 84 24 20 53 
WSP7SZ 27 49 81 82 2 64 65 2 56 66 
GKU7KN 47 50 28 90 20 21 31 98 
UIFK42 51 83 23 95 93 16 54 60 61 23 52 58 30 
27GM1R 35 79 13 6 93 63 96 48 48 99 7 99 69 43 42 9 87 41 91 48 37 
VKQNZG 52 25 11 11 77 
LI9GJ3 49 95 97 3 34 40 73 70 9 99 62 92 73 72 14 75 27 60 51 1 
3GZ005 91 68 4 41 22 12 24 5 47 80 67 28 100 1 16 40 77 23 2 46 36 
MH7RCF 64 23 41 9 30 22 41 52 
UVUPBQ 93 25 21 2 87 95 93 
KAXMDP 80 17 32 40 60 82 79 67 10 28 28 80 64 
W78R4O 48 62 16 97 73 49 62 39 54 
X6329U 5 100 58 44 70 98 31 7 41 43 42 24 14 
U9NLM0 58 37 90 5 7 
JERANI 20 77 88 3 89 56 63 33 23 
AOJZ0A 31 47 44 80 92 30 77 50 38 22 15 56 82 71 66 78 
8GLVHU 14 47 53 95 17 4 12 26 
4QNCC7 13 72 64 52 50 64 59 19 94 93 27 
SIHZ53 28 12 53 89 23 53 57 7 75 50 75 63 
IGFQTC 96 70 55 68 10 66 30 26 51 0 31 54 1 70 47 81 17 80 15 49 76 
6CQ700 30 60 33 10 99 57 34 66 0 89 9 11 31 86 19 54 54 57 11 
UB4B5H 5 100 35 16 66 15 24 92 8 86 1 14 73 54 73 81 7 24 43 97 18 
MROCJX 43 27 48 78 6 29 27 24 67 39 32 
Q6RCDD 17 59 66 46 61 59 19 94 83 90 30 11 90 
JNIES0 6 95 25 91 63 21 71 0 7 52 56 29 14 31 11 81 55 
U2UG2G 61 6 19 29 98 84 100 82 23 62 22 81 
OMA1RZ 29 71 50 85 31 88 56 11 57 24 38 40 97 38 
9D6U07 94 13 35 91 66 65 10 34 51 92 62 
ERL042 34 92 16 37 86 50 86 22 27 68 
575I9H 71 44 59 65 62 80 96 100 43 5 87 92 54 50 85 45 
ZPXUW3 80 11 41 10 45 28 55 34 20 82 78 79 61 78 35 77 
GSXRHO 48 78 11 76 85 83 91 10 29 62 62 80 89 13 10 43 21 45 39 35 42 
OYYVT0 89 69 52 36 17 37 81 58 29 94 55 21 42 12 97 90 30 66 83 
BWFFP8 12 98 73 34 68 22 37 70 83 24 82 36 79 55 60 39 55 81 68 91 
B76XPV 69 56 70 48 46 17 66 13 16 19 61 57 49 90 63 87 92 
O3NTG7 54 23 83 41 4 99 47 69 14 26 31 94 85 87 
VVYE2G 48 29 85 87 10 67 10 12 4 89 28 44 
MT24ZG 93 91 33 77 24 42 93 76 17 85 8 16 14 30 
GTKJKG 17 62 78 78 2 77 40 35 41 43 5 78 44 32 40 
TBZD2R 49 55 7 15 72 86 3 39 80 54 9 57 99 41 37 86 39 95 17 51 
NF3S14 14 72 14 74 45 37 41 64 88 37 43 39 
1QNLIN 14 25 55 69 
IDOA3W 4 84 99 94 39 50 89 71 68 69 79 92 50 34 62 71 84 
FDL0QK 67 22 12 0 33 68 27 91 60 32 62 16 8 41 39 64 6 62 9 37 32 
Q9DLIH 66 17 76 4 13 77 2 40 54 78 67 59 0 55 7 0 54 69 27 87 75 
53GTLI 51 15 13 30 46 60 76 2 3 
A8C3ZU 50 21 84 61 41 46 47 16 7 37 98 18 27 98 26 100 49 18 
88XEQ4 81 17 3 52 33 45 93 12 31 41 25 24 56 26 69 78 6 98 
55A702 68 98 13 50 53 76 22 47 98 97 6 48 
X8BH5T 19 6 61 49 14 99 6 47 74 72 84 62 85 23 65 9 84 100 96 
BHR3OK 50 51 81 51 36 76 
3WDIAP 45 53 89 10 
TZKF1K 82 0 32 17 75 5 
2WVHJ3 77 100 86 8 28 70 51 12 3 71 63 50 35 6 53 93 24 62 
01FJH0 79 48 58 20 60 7 7 15 61 64 
RXPNAS 14 77 86 79 12 21 61 31 37 75 26 51 
XGBCS4 9 36 94 75 74 84 59 64 14 48 16 51 90 9 
3WHB8P 48 9 85 70 61 83 7 48 83 60 24 10 30 8 37 
RGYBCX 52 61 91 77 64 83 95 99 19 52 27 71 96 89 67 
9FJHZI 22 88 50 28 97 75 46 70 60 93 54 79 93 
JXW0HQ 0 1 14 89 14 90 57 94 24 23 98 67 
QBOO7G 88 8 4 84 51 66 83 96 52 25 46 12 92 
OLZU45 10 88 95 75 58 39 71 41 73 97 27 66 86 18 
UBC2BC 74 7 10 60 14 44 71 69 69 66 71 38 18 24 
KD5VD4 48 20 16 42 26 9 90 24 34 50 38 24 
GM26ZF 91 79 74 4 14 90 14 84 41 78 15 79 8 
7ACLPG 64 38 71 56 12 33 87 11 12 34 91 54 89 28 91 74 
W88UW7 2 58 42 10 
CZTXTX 3 77 35 17 58 64 83 15 45 8 29 73 64 49 73 68 10 69 15 62 61 
XTBZN7 39 35 85 94 87 25 41 33 10 85 69 27 100 90 66 80 99 
7R3UL7 73 19 92 42 56 11 16 95 
U3K1CL 27 86 2 15 31 77 24 
AN5SZP 39 37 17 13 36 86 66 16 
QQ7C0C 96 22 76 83 73 84 71 91 86 55 20 30 98 92 99 15 11 58 5 22 82 
B8TLAY 74 47 9 46 31 93 81 
KFYZLV 75 62 67 53 72 33 15 26 
QHEZZC 8 98 41 61 88 56 99 95 45 88 96 32 100 96 7 
F4Q6SG 30 61 91 33 27 39 41 81 74 25 3 92 92 62 
IJAOYF 34 54 89 70 93 55 25 60 39 18 35 38 86 4 11 42 39 52 29 94 67 
E774JM 59 20 91 38 3 20 32 10 100 73 18 43 32 14 97 6 23 52 
FY8BCX 3 72 22 44 91 77 10 19 26 
XITBH8 97 74 20 43 63 36 39 88 3 70 73 
J1O6JV 83 23 83 68 97 1 63 24 18 60 18 77 29 60 55 24 11 35 61 
6489WN 48 49 45 17 59 88 20 4 24 51 6 4 63 64 17 13 44 100 
FK6EY9 74 51 54 56 47 31 5 35 10 77 
AA6VHN 90 30 69 5 20 20 92 91 1 12 
ZA7GKH 98 45 60 42 78 50 96 67 53 97 17 36 15 11 
AV79GB 79 18 41 79 85 32 5 69 18 76 22 90 13 
MKR8DM 11 84 47 30 32 65 3 0 10 61 26 69 63 4 49 21 4 57 
FHME3T 43 2 57 4 27 9 16 2 26 71 78 97 96 57 45 
YBA2U0 38 54 26 16 56 29 98 17 100 41 66 52 97 23 
BNR47V 3 63 62 3 75 90 90 33 1 31 27 33 79 71 0 
2SGPCV 80 74 11 56 13 20 58 38 
SGP2CJ 13 90 5 89 11 48 40 
HIA0RX 91 88 83 63 42 10 45 
UODDWN 91 87 41 84 53 22 41 59 8 36 89 
V02KP8 6 23 42 7 7 61 14 46 4 99 2 55 20 91 15 81 
PL744T 92 9 6 90 77 76 66 70 52 48 94 39 37 10 72 
AG9B5D 40 87 11 4 63 34 
D28WHF 21 49 81 73 40 64 17 41 69 77 15 83 31 64 19 24 68 93 
OEJ7Z4 57 36 21 39 28 70 29 89 22 73 
GUXDQP 6 34 8 11 31 76 33 49 99 35 68 42 64 74 15 47 67 36 
P07ZAY 89 25 1 24 66 41 
JA23BD 4 44 84 8 37 5 42 94 22 
5TRW9H 5 10 16 42 12 98 61 74 79 33 47 51 52 10 95 67 
LD41JW 64 17 61 53 92 90 48 41 30 
6S7XHI 21 97 98 64 52 69 87 31 6 14 66 57 11 66 18 23 54 
0O1B8K 86 53 46 51 9 14 82 38 8 1 53 100 55 65 85 87 
MFZ5IU 13 31 51 99 3 47 13 44 20 9 42 40 3 11 35 82 68 64 26 61 99 
VOEGZX 69 10 65 94 80 86 59 2 89 82 36 96 25 35 40 28 37 86 94 94 
3WV2QV 38 85 51 7 29 
W73D4H 92 50 37 88 43 82 29 99 36 90 60 24 79 38 50 71 36 72 
H1ISER 56 16 42 83 44 64 26 48 91 30 78 71 29 11 14 10 
3THOES 68 82 78 54 69 92 10 45 83 88 70 75 81 83 94 89 20 24 
FS3J4Q 15 3 35 48 61 4 62 96 53 91 20 53 71 91 79 5 47 37 
XB4UVQ 83 66 19 28 
HA199H 47 3 72 12 1 99 80 
N00ATS 74 39 33 11 24 67 8 8 2 3 40 79 52 90 22 66 69 
R19ZY4 46 27 62 59 84 5 19 47 65 58 79 82 38 11 4 7 76 33 49 
3L1C6S 89 23 99 57 69 51 
R7F7WO 91 21 89 33 0 82 30 97 20 35 51 78 65 67 70 
PDMTQW 50 9 28 55 47 95 68 89 40 20 37 16 79 50 92 12 100 78 
0KDLM0 22 41 55 73 58 95 76 66 62 
FFXTL6 33 51 40 63 59 61 25 54 
K7QUM0 23 40 42 1 3 41 98 
MPHFN5 96 36 8 26 55 28 100 18 77 60 82 17 31 
BK6HXM 79 91 6 26 57 53 39 40 24 61 12 71 90 46 
F9WL3C 26 67 90 0 64 48 28 45 
ORTMJD 53 43 47 5 13 64 48 83 
QDEQ4G 89 75 25 58 67 65 
VDGRBK 24 40 46 40 15 64 75 31 79 61 97 69 37 84 54 68 
KXCDFU 77 13 60 28 61 14 
AOFWR3 1 11 61 38 53 40 73 51 33 95 76 3 76 87 46 
PJCETN 18 61 25 76 56 58 95 29 60 55 81 96 20 27 30 25 91 70 43 83 
T2G6KC 66 46 22 70 63 8 62 87 20 61 36 7 89 90 79 
ZOUR0T 71 6 94 46 27 22 38 72 36 58 84 60 33 44 
1MRNM4 63 15 40 98 76 63 96 
UDV279 29 21 13 42 86 70 25 91 3 40 33 76 97 88 85 
D4A25V 66 65 76 68 
CTCSXF 90 17 90 60 1 94 60 72 15 81 96 90 94 72 78 100 12 31 37 70 81 
H9H2W3 87 78 1 33 98 83 
0N308U 17 11 86 48 35 11 38 51 
OK1BBJ 32 97 87 41 38 78 99 27 69 19 89 25 54 78 100 82 66 30 4 41 
WPO7V7 32 43 70 54 79 42 58 19 86 
9C9EFT 24 68 99 85 
SFFFTM 27 87 32 6 79 77 
SLAB7C 12 38 72 97 95 96 33 90 51 
KPN1RQ 30 39 79 26 85 62 65 54 25 63 81 55 53 71 79 30 
PPW0LR 30 57 95 86 27 60 10 40 60 88 86 9 52 10 64 54 0 68 76 43 45 
C9SDBV 26 98 50 77 3 32 61 6 32 39 
7ME1SI 23 12 8 7 75 52 13 92 78 
75RS6E 91 89 28 30 3 59 50 42 71 98 33 27 73 99 34 82 64 63 25 
Y4VNPQ 21 37 10 99 83 10 53 22 63 99 23 
CBJZH5 49 0 83 43 42 98 20 16 
VS3DNN 97 89 30 82 26 
NO6XTY 55 58 58 97 51 81 
EVCG1L 14 82 35 61 40 68 46 70 29 50 25 39 27 79 64 63 52 28 
ZWDJYU 87 98 14 8 47 22 24 91 7 3 45 93 30 75 83 83 24 61 
NYWWR5 19 35 94 31 79 93 40 40 21 81 79 27 71 76 44 35 61 67 
9E5505 50 83 39 33 28 97 87 92 77 3 73 80 51 48 57 53 68 53 82 
F0GV25 34 73 44 27 28 38 91 30 44 67 14 95 46 41 83 0 32 79 38 35 98 
EX9R5R 42 1 67 23 45 86 8 55 0 87 66 67 55 16 83 38 62 79 
3MZYGH 70 14 49 79 29 5 70 29 
G20PYF 26 77 17 48 69 57 63 40 43 35 45 96 
Y0S6TR 65 10 100 44 85 7 
3DK7C1 71 23 18 8 82 
0Q65VF 31 6 78 79 9 59 56 59 49 82 92 3 11 83 
VCTQXA 0 21 37 31 5 24 62 42 52 0 20 22 
ODZPJ4 58 39 85 95 
RY8PPH 15 49 12 24 14 57 66 16 45 20 80 50 27 21 
76UE9J 57 62 88 91 75 12 11 81 92 27 21 
75S9SZ 70 59 84 27 90 87 100 63 61 82 38 34 64 52 94 78 55 35 
JPP0DC 57 50 69 69 95 57 38 41 7 0 74 54 97 75 29 87 38 
LSLNKK 1 36 67 25 38 10 22 41 58 99 13 25 84 51 44 42 35 36 96 16 
Z5STXF 42 84 67 50 49 18 51 4 40 50 28 
NLWU21 31 45 56 94 93 90 42 9 51 38 2 13 8 79 9 
4PVNBI 83 16 68 39 42 
UTNYSX 33 47 60 46 16 42 4 38 
QI3WYU 79 95 65 6 82 
TX0FUM 8 33 93 94 50 19 53 41 95 37 76 21 61 63 24 72 90 
3X7GNA 92 90 95 54 47 35 37 60 52 100 73 92 96 64 94 70 10 70 52 49 
21QY3O 53 46 92 36 50 38 35 72 20 43 63 
576BMA 43 92 58 44 18 12 11 3 63 86 81 55 10 97 60 5 72 46 10 68 25 
BBZK36 30 30 60 17 10 19 26 91 21 11 
AL4O8C 45 41 20 50 5 47 41 47 90 14 97 53 96 14 13 78 79 29 11 75 
KJ16HS 31 17 37 5 67 70 51 67 59 67 16 67 
7XQ1X3 96 54 34 83 47 94 18 3 81 72 58 98 16 22 37 
9TU33R 21 42 65 77 62 7 62 83 68 20 96 70 26 27 26 12 86 39 16 
I324NN 59 44 55 78 42 31 50 51 71 7 14 78 
Z1IGZZ 48 98 53 95 6 
SYBHQE 58 30 95 17 5 65 8 26 0 49 87 66 12 8 29 
9901VC 2 79 70 29 26 88 60 100 27 49 66 30 45 13 8 47 63 0 
WBTLRF 68 67 23 15 81 25 
W4IRUF 19 71 39 82 90 72 73 69 9 24 58 98 49 25 17 81 44 76 43 
QD6OKO 38 17 88 50 63 18 97 62 56 46 13 69 52 2 
9R8751 85 41 99 99 61 18 60 62 
HBTQ6D 9 22 54 94 
6BMV78 84 43 36 80 14 
NE7AWV 57 62 57 43 64 76 78 2 79 70 30 65 83 93 42 26 41 87 37 70 
ANOXZC 65 93 6 74 
VNWX28 7 85 40 70 
8BUWQC 39 11 36 43 82 60 9 43 33 76 31 79 55 26 82 68 17 35 91 3 
6HSSYZ 4 2 78 52 56 20 6 51 9 84 4 80 2 83 0 
K54XYX 2 94 8 92 16 2 47 94 91 13 38 84 
HGD8F3 23 80 22 56 96 19 90 21 7 
L3LAIH 67 84 50 94 35 31 85 51 85 90 80 
CYUS8I 30 2 83 65 22 55 50 19 80 54 87 15 26 36 96 87 50 
44AHGQ 87 53 96 97 21 46 31 82 2 94 49 23 74 18 30 
JIW5I9 66 97 53 35 74 89 32 37 16 98 11 48 15 17 
384L7Q 6 98 56 4 4 
BNPBY4 36 55 76 73 49 1 100 78 
GOACB2 9 79 92 46 52 99 96 86 89 40 2 9 29 63 90 24 5 36 34 5 
K93NQB 39 9 42 90 52 21 7 74 6 32 45 33 65 59 26 59 68 
LOZFOK 49 3 69 66 20 84 6 
6FDV3T 17 54 41 32 76 66 16 46 75 8 
H5FK0T 60 50 46 74 
